osu file format v14

[General]
AudioFilename: audio.ogg
AudioLeadIn: 0
PreviewTime: 11922
Countdown: 0
SampleSet: Soft
StackLeniency: 0.7
Mode: 3
LetterboxInBreaks: 0
SpecialStyle: 0
WidescreenStoryboard: 1

[Editor]
DistanceSpacing: 1
BeatDivisor: 4
GridSize: 32
TimelineZoom: 1.6

[Metadata]
Title:AIZO (TV Size)
TitleUnicode:AIZO (TV Size)
Artist:King Gnu
ArtistUnicode:King Gnu
Creator:keksikosu
Version:EASY
Source:呪術廻戦 死滅回游 前編
Tags:jjk 常田大希 勢喜遊 井口理 新井和輝 daiki tsuneta yu seki satoru iguchi kazuki arai JUJUTSU KAISEN sorcery fight s3 season 3 three third The Culling Game Part 1 op opening 第3期 shimetsu kaiyuu – zenpen j-rock jrock rock japanese jpop j-pop pop anime mappa -Enma- Angki
BeatmapID:5470574
BeatmapSetID:2490429

[Difficulty]
HPDrainRate:7
CircleSize:4
OverallDifficulty:7
ApproachRate:5
SliderMultiplier:1.4
SliderTickRate:1

[Events]
//Background and Video events
0,0,"bg.jpg",0,0
Video,0,"aizo.avi"
//Break Periods
//Storyboard Layer 0 (Background)
//Storyboard Layer 1 (Fail)
//Storyboard Layer 2 (Pass)
//Storyboard Layer 3 (Foreground)
//Storyboard Layer 4 (Overlay)
//Storyboard Sound Samples

[TimingPoints]
554,315.789473684211,4,2,1,20,1,0
11922,-100,4,2,1,20,0,1
32132,-100,4,2,1,20,0,0
67501,-100,4,2,1,20,0,1
87711,-100,4,2,1,20,0,0


[HitObjects]
64,192,554,128,0,869:0:0:0:0:
192,192,554,1,0,0:0:0:0:
448,192,869,128,0,1185:0:0:0:0:
64,192,1185,128,0,1501:0:0:0:0:
448,192,1501,128,0,1817:0:0:0:0:
64,192,1817,1,0,0:0:0:0:
192,192,1975,1,0,0:0:0:0:
320,192,2132,1,0,0:0:0:0:
448,192,2448,1,0,0:0:0:0:
320,192,2606,1,0,0:0:0:0:
64,192,2764,1,0,0:0:0:0:
192,192,2922,1,0,0:0:0:0:
320,192,3080,128,0,3396:0:0:0:0:
192,192,3396,128,0,3711:0:0:0:0:
320,192,3711,128,0,4027:0:0:0:0:
192,192,4027,128,0,4343:0:0:0:0:
448,192,4343,1,0,0:0:0:0:
320,192,4501,1,0,0:0:0:0:
64,192,4659,1,0,0:0:0:0:
320,192,4975,1,0,0:0:0:0:
448,192,5132,1,0,0:0:0:0:
192,192,5290,1,0,0:0:0:0:
320,192,5448,1,0,0:0:0:0:
64,192,5606,128,0,5922:0:0:0:0:
448,192,5922,128,0,6238:0:0:0:0:
64,192,6238,128,0,6554:0:0:0:0:
448,192,6554,128,0,6869:0:0:0:0:
192,192,6869,1,0,0:0:0:0:
64,192,7027,1,0,0:0:0:0:
320,192,7185,1,0,0:0:0:0:
64,192,7501,1,0,0:0:0:0:
192,192,7659,1,0,0:0:0:0:
448,192,7817,1,0,0:0:0:0:
320,192,7975,1,0,0:0:0:0:
192,192,8132,128,0,8448:0:0:0:0:
320,192,8448,128,0,8764:0:0:0:0:
192,192,8764,128,0,9080:0:0:0:0:
320,192,9080,128,0,9396:0:0:0:0:
64,192,9396,128,0,9711:0:0:0:0:
192,192,9711,128,0,10027:0:0:0:0:
320,192,10027,128,0,10343:0:0:0:0:
448,192,10343,128,0,10659:0:0:0:0:
64,192,10659,128,0,11290:0:0:0:0:
448,192,11290,1,0,0:0:0:0:
320,192,11448,1,0,0:0:0:0:
64,192,11606,1,0,0:0:0:0:
192,192,11764,1,0,0:0:0:0:
320,192,11922,128,0,12238:0:0:0:0:
448,192,11922,1,0,0:0:0:0:
64,192,12238,128,0,12554:0:0:0:0:
448,192,12554,1,0,0:0:0:0:
320,192,12711,1,0,0:0:0:0:
64,192,12869,128,0,13185:0:0:0:0:
448,192,13185,128,0,13501:0:0:0:0:
192,192,13501,1,0,0:0:0:0:
320,192,13659,1,0,0:0:0:0:
64,192,13975,1,0,0:0:0:0:
448,192,14132,1,0,0:0:0:0:
320,192,14290,1,0,0:0:0:0:
192,192,14448,128,0,14764:0:0:0:0:
320,192,14764,128,0,15080:0:0:0:0:
64,192,15080,1,0,0:0:0:0:
192,192,15238,1,0,0:0:0:0:
320,192,15396,128,0,15711:0:0:0:0:
64,192,15711,128,0,16027:0:0:0:0:
448,192,16027,1,0,0:0:0:0:
192,192,16185,1,0,0:0:0:0:
320,192,16501,1,0,0:0:0:0:
64,192,16659,1,0,0:0:0:0:
448,192,16817,1,0,0:0:0:0:
192,192,16975,128,0,17290:0:0:0:0:
320,192,17290,128,0,17606:0:0:0:0:
64,192,17606,128,0,17922:0:0:0:0:
448,192,17922,128,0,18238:0:0:0:0:
192,192,18238,128,0,18554:0:0:0:0:
448,192,18554,1,0,0:0:0:0:
64,192,18711,1,0,0:0:0:0:
320,192,19027,1,0,0:0:0:0:
192,192,19185,1,0,0:0:0:0:
448,192,19343,1,0,0:0:0:0:
64,192,19501,128,0,19817:0:0:0:0:
320,192,19817,128,0,20132:0:0:0:0:
192,192,20132,128,0,20448:0:0:0:0:
320,192,20448,1,0,0:0:0:0:
64,192,20606,1,0,0:0:0:0:
448,192,20764,128,0,21080:0:0:0:0:
192,192,21080,1,0,0:0:0:0:
320,192,21238,1,0,0:0:0:0:
64,192,21554,1,0,0:0:0:0:
448,192,21711,1,0,0:0:0:0:
320,192,21869,1,0,0:0:0:0:
192,192,22027,128,0,22343:0:0:0:0:
64,192,22027,1,0,0:0:0:0:
448,192,22343,128,0,22659:0:0:0:0:
64,192,22659,1,0,0:0:0:0:
192,192,22817,1,0,0:0:0:0:
448,192,22975,128,0,23290:0:0:0:0:
64,192,23290,128,0,23606:0:0:0:0:
320,192,23606,1,0,0:0:0:0:
192,192,23764,1,0,0:0:0:0:
448,192,24080,1,0,0:0:0:0:
64,192,24238,1,0,0:0:0:0:
192,192,24396,1,0,0:0:0:0:
320,192,24554,128,0,24869:0:0:0:0:
192,192,24869,128,0,25185:0:0:0:0:
448,192,25185,1,0,0:0:0:0:
320,192,25343,1,0,0:0:0:0:
192,192,25501,128,0,25817:0:0:0:0:
448,192,25817,128,0,26132:0:0:0:0:
64,192,26132,1,0,0:0:0:0:
320,192,26290,1,0,0:0:0:0:
192,192,26606,1,0,0:0:0:0:
448,192,26764,1,0,0:0:0:0:
64,192,26922,1,0,0:0:0:0:
320,192,27080,128,0,27396:0:0:0:0:
64,192,27396,128,0,27711:0:0:0:0:
448,192,27711,128,0,28027:0:0:0:0:
192,192,28027,128,0,28343:0:0:0:0:
320,192,28343,128,0,28659:0:0:0:0:
64,192,28659,1,0,0:0:0:0:
448,192,28817,1,0,0:0:0:0:
192,192,29132,1,0,0:0:0:0:
320,192,29290,1,0,0:0:0:0:
64,192,29448,1,0,0:0:0:0:
448,192,29606,1,0,0:0:0:0:
192,192,29764,128,0,30080:0:0:0:0:
64,192,30080,128,0,30396:0:0:0:0:
320,192,30396,128,0,30711:0:0:0:0:
192,192,30711,1,0,0:0:0:0:
448,192,30869,128,0,31343:0:0:0:0:
64,192,31343,1,0,0:0:0:0:
320,192,31501,128,0,32132:0:0:0:0:
192,192,32132,1,0,0:0:0:0:
192,192,32448,1,0,0:0:0:0:
320,192,33396,1,0,0:0:0:0:
320,192,33711,1,0,0:0:0:0:
192,192,34027,1,0,0:0:0:0:
64,192,34027,1,0,0:0:0:0:
192,192,34659,1,0,0:0:0:0:
448,192,34975,1,0,0:0:0:0:
320,192,35922,1,0,0:0:0:0:
64,192,35922,1,0,0:0:0:0:
192,192,36238,1,0,0:0:0:0:
448,192,37185,1,0,0:0:0:0:
64,192,37501,1,0,0:0:0:0:
320,192,38448,1,0,0:0:0:0:
192,192,38448,1,0,0:0:0:0:
448,192,38764,1,0,0:0:0:0:
64,192,39711,1,0,0:0:0:0:
320,192,40027,1,0,0:0:0:0:
192,192,40975,1,0,0:0:0:0:
448,192,40975,1,0,0:0:0:0:
320,192,41290,1,0,0:0:0:0:
64,192,42238,1,0,0:0:0:0:
448,192,42554,1,0,0:0:0:0:
192,192,43501,128,0,43817:0:0:0:0:
320,192,43817,128,0,44132:0:0:0:0:
64,192,44764,1,0,0:0:0:0:
192,192,45080,1,0,0:0:0:0:
448,192,45396,1,0,0:0:0:0:
320,192,45711,1,0,0:0:0:0:
64,192,46027,1,0,0:0:0:0:
448,192,46343,1,0,0:0:0:0:
192,192,46659,1,0,0:0:0:0:
320,192,46817,1,0,0:0:0:0:
64,192,46975,1,0,0:0:0:0:
448,192,47132,1,0,0:0:0:0:
192,192,47290,1,0,0:0:0:0:
64,192,47606,1,0,0:0:0:0:
320,192,47922,1,0,0:0:0:0:
448,192,48238,1,0,0:0:0:0:
192,192,48554,1,0,0:0:0:0:
320,192,48869,1,0,0:0:0:0:
64,192,49185,1,0,0:0:0:0:
448,192,49343,1,0,0:0:0:0:
192,192,49501,1,0,0:0:0:0:
320,192,49659,1,0,0:0:0:0:
64,192,49817,1,0,0:0:0:0:
64,192,50132,1,0,0:0:0:0:
448,192,50448,1,0,0:0:0:0:
448,192,50764,1,0,0:0:0:0:
192,192,51080,1,0,0:0:0:0:
192,192,51396,1,0,0:0:0:0:
320,192,51711,1,0,0:0:0:0:
64,192,51869,1,0,0:0:0:0:
320,192,52027,1,0,0:0:0:0:
192,192,52185,1,0,0:0:0:0:
448,192,52343,1,0,0:0:0:0:
448,192,52659,1,0,0:0:0:0:
64,192,52975,1,0,0:0:0:0:
64,192,53290,1,0,0:0:0:0:
320,192,53606,128,0,53922:0:0:0:0:
192,192,53922,128,0,54238:0:0:0:0:
320,192,54238,128,0,54554:0:0:0:0:
192,192,54554,128,0,54869:0:0:0:0:
64,192,54869,1,0,0:0:0:0:
448,192,54869,128,0,55185:0:0:0:0:
64,192,55185,128,0,55501:0:0:0:0:
448,192,55501,1,0,0:0:0:0:
320,192,55659,1,0,0:0:0:0:
64,192,55817,128,0,56132:0:0:0:0:
448,192,56132,1,0,0:0:0:0:
192,192,56290,1,0,0:0:0:0:
320,192,56448,1,0,0:0:0:0:
64,192,56764,1,0,0:0:0:0:
320,192,56922,1,0,0:0:0:0:
192,192,57080,1,0,0:0:0:0:
448,192,57238,1,0,0:0:0:0:
64,192,57396,128,0,57711:0:0:0:0:
320,192,57711,128,0,58027:0:0:0:0:
64,192,58027,1,0,0:0:0:0:
192,192,58185,1,0,0:0:0:0:
320,192,58343,128,0,58659:0:0:0:0:
448,192,58659,1,0,0:0:0:0:
192,192,58817,1,0,0:0:0:0:
64,192,58975,1,0,0:0:0:0:
320,192,59290,1,0,0:0:0:0:
448,192,59448,1,0,0:0:0:0:
64,192,59606,1,0,0:0:0:0:
192,192,59764,1,0,0:0:0:0:
448,192,59922,128,0,60238:0:0:0:0:
64,192,60238,128,0,60554:0:0:0:0:
448,192,60554,1,0,0:0:0:0:
320,192,60711,1,0,0:0:0:0:
64,192,60869,128,0,61185:0:0:0:0:
448,192,61185,1,0,0:0:0:0:
192,192,61343,1,0,0:0:0:0:
320,192,61501,1,0,0:0:0:0:
64,192,61817,1,0,0:0:0:0:
192,192,61975,1,0,0:0:0:0:
448,192,62132,1,0,0:0:0:0:
320,192,62290,1,0,0:0:0:0:
64,192,62448,128,0,62764:0:0:0:0:
320,192,62764,128,0,63080:0:0:0:0:
64,192,63080,1,0,0:0:0:0:
192,192,63238,1,0,0:0:0:0:
320,192,63396,128,0,63711:0:0:0:0:
64,192,63711,1,0,0:0:0:0:
448,192,63869,1,0,0:0:0:0:
192,192,64027,1,0,0:0:0:0:
320,192,64185,1,0,0:0:0:0:
64,192,64343,1,0,0:0:0:0:
448,192,64659,128,0,64975:0:0:0:0:
192,192,64975,128,0,65606:0:0:0:0:
320,192,65606,128,0,66238:0:0:0:0:
64,192,66238,128,0,66554:0:0:0:0:
192,192,66554,5,0,0:0:0:0:
320,192,66711,1,0,0:0:0:0:
64,192,67027,1,0,0:0:0:0:
448,192,67185,1,0,0:0:0:0:
320,192,67343,1,0,0:0:0:0:
192,192,67501,128,0,67817:0:0:0:0:
64,192,67501,1,0,0:0:0:0:
448,192,67817,128,0,68132:0:0:0:0:
64,192,68132,1,0,0:0:0:0:
192,192,68290,1,0,0:0:0:0:
448,192,68448,128,0,68764:0:0:0:0:
64,192,68764,128,0,69080:0:0:0:0:
320,192,69080,1,0,0:0:0:0:
192,192,69238,1,0,0:0:0:0:
448,192,69554,1,0,0:0:0:0:
64,192,69711,1,0,0:0:0:0:
192,192,69869,1,0,0:0:0:0:
320,192,70027,128,0,70343:0:0:0:0:
192,192,70343,128,0,70659:0:0:0:0:
448,192,70659,1,0,0:0:0:0:
320,192,70817,1,0,0:0:0:0:
192,192,70975,128,0,71290:0:0:0:0:
448,192,71290,128,0,71606:0:0:0:0:
64,192,71606,1,0,0:0:0:0:
320,192,71764,1,0,0:0:0:0:
192,192,72080,1,0,0:0:0:0:
448,192,72238,1,0,0:0:0:0:
64,192,72396,1,0,0:0:0:0:
320,192,72554,128,0,72869:0:0:0:0:
64,192,72869,128,0,73185:0:0:0:0:
448,192,73185,128,0,73501:0:0:0:0:
192,192,73501,128,0,73817:0:0:0:0:
320,192,73817,128,0,74132:0:0:0:0:
64,192,74132,1,0,0:0:0:0:
448,192,74290,1,0,0:0:0:0:
192,192,74606,1,0,0:0:0:0:
320,192,74764,1,0,0:0:0:0:
64,192,74922,1,0,0:0:0:0:
448,192,75080,128,0,75396:0:0:0:0:
192,192,75396,128,0,75711:0:0:0:0:
320,192,75711,128,0,76027:0:0:0:0:
192,192,76027,1,0,0:0:0:0:
448,192,76185,1,0,0:0:0:0:
64,192,76343,128,0,76659:0:0:0:0:
320,192,76659,1,0,0:0:0:0:
192,192,76817,1,0,0:0:0:0:
448,192,77132,1,0,0:0:0:0:
64,192,77290,1,0,0:0:0:0:
192,192,77448,1,0,0:0:0:0:
320,192,77606,128,0,77922:0:0:0:0:
448,192,77606,1,0,0:0:0:0:
64,192,77922,128,0,78238:0:0:0:0:
448,192,78238,1,0,0:0:0:0:
320,192,78396,1,0,0:0:0:0:
64,192,78554,128,0,78869:0:0:0:0:
448,192,78869,128,0,79185:0:0:0:0:
192,192,79185,1,0,0:0:0:0:
320,192,79343,1,0,0:0:0:0:
64,192,79659,1,0,0:0:0:0:
448,192,79817,1,0,0:0:0:0:
320,192,79975,1,0,0:0:0:0:
192,192,80132,128,0,80448:0:0:0:0:
320,192,80448,128,0,80764:0:0:0:0:
64,192,80764,1,0,0:0:0:0:
192,192,80922,1,0,0:0:0:0:
320,192,81080,128,0,81396:0:0:0:0:
64,192,81396,128,0,81711:0:0:0:0:
448,192,81711,1,0,0:0:0:0:
192,192,81869,1,0,0:0:0:0:
320,192,82185,1,0,0:0:0:0:
64,192,82343,1,0,0:0:0:0:
448,192,82501,1,0,0:0:0:0:
192,192,82659,128,0,82975:0:0:0:0:
448,192,82975,128,0,83290:0:0:0:0:
64,192,83290,128,0,83606:0:0:0:0:
320,192,83606,128,0,83922:0:0:0:0:
192,192,83922,128,0,84238:0:0:0:0:
448,192,84238,1,0,0:0:0:0:
64,192,84396,1,0,0:0:0:0:
320,192,84711,1,0,0:0:0:0:
192,192,84869,1,0,0:0:0:0:
448,192,85027,1,0,0:0:0:0:
64,192,85185,1,0,0:0:0:0:
320,192,85343,128,0,85659:0:0:0:0:
448,192,85659,128,0,85975:0:0:0:0:
192,192,85975,128,0,86290:0:0:0:0:
320,192,86290,1,0,0:0:0:0:
64,192,86448,128,0,86922:0:0:0:0:
448,192,86922,1,0,0:0:0:0:
192,192,87080,128,0,87711:0:0:0:0:
64,192,87711,1,0,0:0:0:0:
448,192,87711,1,0,0:0:0:0:
